%YAML:1.0

#--------------------------------------------------------------------------------------------
# Camera Parameters. Adjust them!
#--------------------------------------------------------------------------------------------
Camera.type: "KannalaBrandt8"

# Left Camera calibration and distortion parameters (OpenCV)
Camera.fx: 2.8498089599609375e+02
Camera.fy: 2.8610238647460938e+02
Camera.cx: 4.2524438476562500e+02
Camera.cy: 3.9846759033203125e+02

# Kannala-Brandt distortion parameters
Camera.k1: -7.3047108016908169e-03
Camera.k2: 4.3499931693077087e-02
Camera.k3: -4.1283041238784790e-02
Camera.k4: 7.6524601317942142e-03

# Right Camera calibration and distortion parameters (OpenCV)
Camera2.fx: 2.8481259155273438e+02
Camera2.fy: 2.8597601318359375e+02
Camera2.cx: 4.2766159057617188e+02
Camera2.cy: 3.9712341308593750e+02

# Kannala-Brandt distortion parameters
Camera2.k1: -6.3794981688261032e-03
Camera2.k2: 4.1455611586570740e-02
Camera2.k3: -3.9464488625526428e-02
Camera2.k4: 6.9808149710297585e-03

# Transformation matrix from right camera to left camera
#Tlr: !!opencv-matrix
#   rows: 3
#   cols: 4
#   dt: f
#   data: [ 1.0000,    0.0008,    0.0007,    0.1011,
#             -0.0008,    0.9989,    0.0469,    0.0019,
#             -0.0007,   -0.0469,    0.9989,    0.0010]

Tlr: !!opencv-matrix
  rows: 3
  cols: 4
  dt: f
  data: [0.9999710335197896, -0.003085907873266471, 0.006957678776835974, 0.0639765113592, 0.003112116118197612, 0.9999880917521713, -0.0037591338254934705, 0.000148267135955, -0.006945995582404035, 0.0037806780408845384, 0.9999687293205325, -0.000398468371714]

# Camera resolution
Camera.width: 848
Camera.height: 480

# Lapping area between images
Camera.lappingBegin: 0
Camera.lappingEnd: 847

Camera2.lappingBegin: 0
Camera2.lappingEnd: 847

# Camera frames per second
Camera.fps: 30.0

# Color order of the images (0: BGR, 1: RGB. It is ignored if images are grayscale)
Camera.RGB: 1

# Close/Far threshold. Baseline times.
ThDepth: 40.0

Camera.bf: 18.238777

#--------------------------------------------------------------------------------------------
# ORB Parameters
#--------------------------------------------------------------------------------------------

# ORB Extractor: Number of features per image
ORBextractor.nFeatures: 2000

# ORB Extractor: Scale factor between levels in the scale pyramid
ORBextractor.scaleFactor: 1.2

# ORB Extractor: Number of levels in the scale pyramid
ORBextractor.nLevels: 8


# ORB Extractor: Fast threshold
# Image is divided in a grid. At each cell FAST are extracted imposing a minimum response.
# Firstly we impose iniThFAST. If no corners are detected we impose a lower value minThFAST
# You can lower these values if your images have low contrast
ORBextractor.iniThFAST: 20
ORBextractor.minThFAST: 7

#--------------------------------------------------------------------------------------------
# Viewer Parameters
#--------------------------------------------------------------------------------------------
Viewer.KeyFrameSize: 0.05
Viewer.KeyFrameLineWidth: 1
Viewer.GraphLineWidth: 1
Viewer.PointSize:2
Viewer.CameraSize: 0.05
Viewer.CameraLineWidth: 2
Viewer.ViewpointX: 0
Viewer.ViewpointY: -10
Viewer.ViewpointZ: -0.1
Viewer.ViewpointF: 2000
